44,56,75,85,83,59
-6.0191,-7.2828,7.5926,-8.7551
-3.5116,8.3945,5.2914,9.9143
-8.2886,1.4108,-8.0601,-3.2524
-5.3269,-7.6246,8.9121,-7.7387
-4.8619,9.6056,5.2790,9.2034
-9.2593,-0.1137,-8.0893,-1.7375
172,258,362,367,364,254,155,130,21,119,208,350,209,170,361,146,283,159,414,56,378,207,347,228,295,314,251,234,330,42
-0.9816,-7.7372,-3.9182,9.1774,-4.1546,-4.2831,-2.3670,7.3001
-8.8555,0.7508,-9.1625,-2.1611,4.2501,-1.5879,-8.0893,-6.3931
-1.6035,-7.8215,-4.9404,8.7109,-5.5725,-5.8252,-1.4313,5.6898
-3.8017,8.7705,7.1618,5.6089,-0.8958,6.8172,-5.2442,-8.0987
-3.8891,9.4671,5.3773,10.2115,-6.6752,-5.8108,7.9681,-8.8880
-0.6850,4.0647,-8.1341,-5.6769,0.8572,-8.7762,-7.4887,-8.6699
-6.8930,-0.0749,-3.8359,-4.2976,-9.7086,1.6844,4.2557,-2.0736
0.7926,-4.5560,-3.0371,9.8256,-6.3848,-4.5324,3.7584,-2.1257
-4.6019,8.4951,5.5755,9.3004,-5.3167,-7.7315,8.8471,-8.7337
-7.4057,-0.4825,-3.4609,-3.2353,-9.4247,1.3757,4.1608,-0.2912
-4.3317,9.9787,4.9902,9.6764,-5.9387,-7.5841,6.8574,-8.1104
-11.1045,1.6670,-8.3401,-4.3874,2.8396,-0.2491,-9.7193,-5.6767
-1.7852,4.4968,-10.9486,-4.9483,0.8215,-7.3610,-7.4359,-9.0048
-1.1789,3.9146,-8.2590,-5.3166,0.1857,-7.3894,-9.0410,-9.1107
-7.8455,0.7607,-8.6149,-2.2455,3.2649,-1.3694,-10.0539,-6.3293
-7.3592,-0.0410,-5.9557,-2.9292,5.1430,-1.1182,-7.7682,-4.7604
-1.0409,3.1802,-6.9335,-4.7913,-0.0426,-7.1894,-8.0845,-8.6747
0.0988,-5.0729,-3.5432,9.3068,-6.6577,-5.8664,4.2928,-2.3650
-3.4809,9.8542,5.7672,10.2960,-6.2606,-8.2781,8.9458,-9.4672
-1.0698,-8.7700,-3.2797,8.4703,-4.9599,-3.7186,-1.5798,5.8923
-1.0414,2.9430,-8.1196,-5.2099,1.9643,-9.4269,-8.9129,-8.0829
-3.1689,7.7939,5.7665,4.8860,-0.6045,6.6335,-4.1923,-8.6210
-0.4837,-4.3819,-3.5139,9.2022,-6.1096,-5.2441,2.1606,-3.1883
-8.6519,1.1699,-7.3720,-1.8551,3.1498,-1.5959,-9.1025,-5.6923
-3.4824,8.1026,4.4927,10.7978,-5.6129,-7.1934,7.6945,-9.6660
-0.9215,-9.2405,-3.9355,9.0166,-4.1774,-5.5413,-1.8023,7.3071
-1.0135,3.1094,-8.1528,-5.4459,-0.2328,-9.3078,-9.1598,-8.8336
-8.2470,-1.4007,-5.0533,-3.4419,-11.0740,2.4338,5.1548,-2.4665
-2.9461,7.4908,7.0826,4.0273,-0.8224,8.3283,-3.8362,-7.5598
-1.2547,3.6163,-8.1247,-6.4808,0.0341,-8.3235,-8.5296,-6.6418
2732,2975,4236
-6.7491,4.7785,-4.8519,-3.5128,-1.6482,2.3005
0.4845,2.1602,2.5530,6.0086,-5.4656,-5.7827
3.4828,-6.0462,-6.8004,-4.0500,-2.2087,-0.6514
44,56,75,85,83,59,35,27,6,25
-6.2400,-6.5934,9.0243,-8.5130
-4.4051,9.0091,4.4846,10.8364
-8.6710,1.6833,-8.3528,-3.2450
-5.2307,-8.0218,8.1303,-7.4082
-4.8972,9.5708,5.6953,9.3845
-9.9784,-0.4476,-6.9893,-1.6549
-5.7815,-7.6408,7.1517,-9.0831
-4.4134,9.1519,3.9901,7.8600
-2.4428,8.1008,5.7087,8.9690
-7.8230,0.1726,-8.1007,-2.3982
2732,2975,4236
-6.7491,4.7785,-4.8519,-3.5128,-1.6482,2.3005
0.4845,2.1602,2.5530,6.0086,-5.4656,-5.7827
3.4828,-6.0462,-6.8004,-4.0500,-2.2087,-0.6514
172,258,362,367,364,254
-0.9837,-8.5643,-3.8097,8.9426,-4.4499,-4.7701,-1.8096,6.7747
-8.3881,0.9055,-8.2414,-2.1348,3.4541,-1.4735,-9.2621,-6.0808
-3.3616,-2.4413,-3.5664,2.6798,-8.1159,-1.6511,4.0170,-2.1069
-3.2795,7.9766,6.5437,4.8341,-0.7500,7.1848,-4.3804,-8.1623
-4.0820,9.1629,5.3056,9.9094,-5.9005,-7.3476,8.1270,-8.8715
-1.0143,3.4984,-8.0842,-5.4450,0.5113,-8.5467,-8.4626,-8.4740
44,56,75,85,83,59,35,27,6
-6.2400,-6.5934,9.0243,-8.5130
-4.4051,9.0091,4.4846,10.8364
-8.2886,1.4108,-8.0601,-3.2524
-5.2307,-8.0218,8.1303,-7.4082
-4.8972,9.5708,5.6953,9.3845
-9.2593,-0.1137,-8.0893,-1.7375
-5.7815,-7.6408,7.1517,-9.0831
-4.4134,9.1519,3.9901,7.8600
-2.4428,8.1008,5.7087,8.9690
